2.0 0.0 -1
1.920340573300732 -0.5588309963978517 -1
1.6877079174649843 -1.0731458360008699 -1
1.3206334164881603 -1.5019744935433523 -1
0.848358014673994 -1.8111567240132476 -1
0.3085028997751681 -1.9760632481857237 -1
-0.25592737925480935 -1.9835577068862316 -1
-0.7999706299767025 -1.8330430958312676 -1
-1.2802886789383994 -1.5365093226473336 -1
-1.6586196657263004 -1.1175780977032326 -1
-1.9048259608303126 -0.6096212422044334 -1
-1.9992949119327 -0.05310230804793359 -1
-1.9345011765477649 0.5076467255240725 -1
-1.7156061864899756 1.0279569119750704 -1
-1.3600469911746775 1.4663806401465844 -1
-0.8961472322583403 1.7879933272011157 -1
-0.3608608985821679 1.9671754908686898 -1
0.2031714073932427 1.9896535827168127 -1
0.7510191955340242 1.85363701083557 -1
1.2390412251184197 1.569960777362621 -1
1.6283619410531236 1.1612223684246286 -1
1.8879682783046283 0.659981651347564 -1
1.9971801448799824 0.10616717429211649 -1
1.9472977860990361 -0.4561045190017224 -1
1.742294802064687 -0.9820431877969387 -1
1.3985016129567502 -1.4297528592583293 -1
0.9433045871226773 -1.7635692376295622 -1
0.41296445867562226 -1.9569007015867592 -1
-0.15027218179670646 -1.9943465775481597 -1
-0.7015382264182614 -1.8729239485024265 -1
-1.1969201381157162 -1.6023052714676609 -1
-1.5969560778060645 -1.2040478751105665 -1
-1.8697794118744704 -0.7098767153036926 -1
-1.9936571899388613 -0.15915718332856704 -1
-1.958721379217849 0.4042407186255824 -1
-1.7677549463647435 0.9354370366855179 -1
-1.4359701679394272 1.392116976689823 -1
-0.9897968291788047 1.7379016764326987 -1
-0.46477684245704537 1.9452461249712487 -1
0.09726700107793823 1.9976333824056165 -1
0.6515626110702961 1.8908903098422336 -1
1.1539551170061162 1.633519999245617 -1
1.5644242198845424 1.246024422007306 -1
1.8502721862925164 0.7592712536586063 -1
1.9887285311028273 0.21203497253422754 -1
1.9687639012650098 -0.3520918929424228 -1
1.7919686677462074 -0.8881713200818198 -1
1.4724262374916912 -1.353499529052767 -1
1.0355911773016266 -1.7110087415016415 -1
0.5162615176328946 -1.9322199785250593 -1
-0.044193238557367884 -1.999511679802299 -1
-0.6011275867001664 -1.9075234269879975 -1
-1.1101764559133152 -1.663582951564409 -1
-1.5307893051133843 -1.2871224119525237 -1
-1.8294603558707503 -0.8081304389127214 -1
-1.9823976435104136 -0.26476325841090387 -1
-1.9774182713780577 0.29969481146695637 -1
-1.814918893403068 0.8402793644786136 -1
-1.5078441168739203 1.3139277450486793 -1
-1.080655342442732 1.6829093947239053 -1
4.0 0.01
3.840681146601464 -1.11766199279570341
3.3754158349299686 -2.14629167200173981
2.6412668329763207 -3.00394898708670471
1.696716029347988 -3.6223134480264951
0.6170057995503362 -3.95212649637144731
-0.5118547585096187 -3.9671154137724631
-1.599941259953405 -3.6660861916625351
-2.5605773578767987 -3.07301864529466731
-3.3172393314526007 -2.2351561954064651
-3.8096519216606253 -1.21924248440886671
-3.9985898238654 -0.106204616095867181
-3.8690023530955298 1.0152934510481451
-3.4312123729799513 2.0559138239501411
-2.720093982349355 2.9327612802931691
-1.7922944645166805 3.57598665440223141
-0.7217217971643358 3.93435098173737961
0.4063428147864854 3.97930716543362541
1.5020383910680484 3.707274021671141
2.4780824502368395 3.1399215547252421
3.256723882106247 2.3224447368492571
3.7759365566092566 1.3199633026951281
3.994360289759965 0.212334348584232971
3.8945955721980723 -0.91220903800344481
3.484589604129374 -1.96408637559387731
2.7970032259135005 -2.85950571851665861
1.8866091742453546 -3.52713847525912441
0.8259289173512445 -3.91380140317351841
-0.3005443635934129 -3.98869315509631941
-1.4030764528365227 -3.7458478970048531
-2.3938402762314324 -3.20461054293532181
-3.193912155612129 -2.4080957502211331
-3.7395588237489408 -1.41975343060738511
-3.9873143798777226 -0.31831436665713411
-3.917442758435698 0.80848143725116481
-3.535509892729487 1.87087407337103581
-2.8719403358788544 2.7842339533796461
-1.9795936583576095 3.47580335286539731
-0.9295536849140907 3.89049224994249741
0.19453400215587646 3.9952667648112331
1.3031252221405922 3.7817806196844671
2.3079102340122324 3.2670399984912341
3.1288484397690848 2.4920488440146121
3.700544372585033 1.51854250731721251
3.9774570622056546 0.42406994506845511
3.9375278025300195 -0.70418378588484561
3.583937335492415 -1.77634264016363951
2.9448524749833824 -2.7069990581055341
2.0711823546032533 -3.4220174830032831
1.0325230352657893 -3.86443995705011871
-0.08838647711473577 -3.9990233596045981
-1.2022551734003328 -3.8150468539759951
-2.2203529118266303 -3.3271659031288181
-3.0615786102267686 -2.57424482390504751
-3.6589207117415006 -1.61626087782544281
-3.964795287020827 -0.52952651682180771
-3.9548365427561154 0.59938962293391271
-3.629837786806136 1.68055872895722721
-3.0156882337478406 2.62785549009735851
-2.161310684885464 3.36581878944781071
